-2.5486498708643639e+00
-3.1488781692584851e-17
2.4692821265009224e+00
-1.4428459063434110e-01
-5.3969174808167333e-18
2.5970129230997812e-18
-1.4151229655521069e+00
6.0823283496925118e-02
6.7589302260671821e-02
-2.5486498708643643e+00
2.6619382461772758e-17
2.4692821265009219e+00
-1.4428459063434113e-01
4.9505558846589580e-18
-1.7367523923229789e-17
-1.4151229655521060e+00
6.0823283496925097e-02
6.7589302260671849e-02
-2.5486498708643643e+00
-1.7789538523233503e-16
2.4692821265009224e+00
-1.4428459063434115e-01
5.8229899135127909e-18
-3.7981314000334304e-17
-1.4151229655521063e+00
6.0823283496925118e-02
6.7589302260671877e-02
