4.7985467417467377e-08
6.2997034221889064e-08
8.0358504619582776e-08
1.4541956166393104e-07
4.1268852198211115e-07
1.7500736367120265e-06
7.8762724582978330e-06
2.5336220185691466e-05
5.7085348546049952e-05
1.2064979865093498e-04
3.1753334038645670e-04
1.0974319001298876e-03
4.5627677851296138e-03
1.7975783819546509e-02
5.0690698253091915e-02
8.8862167304325321e-02
9.6834487413060527e-02
8.1286316462183997e-02
7.0179101787998632e-02
6.7729505139376117e-02
6.8059541135345736e-02
6.6767640176619569e-02
6.4670865846226680e-02
6.0848838783568691e-02
5.2190814269698398e-02
4.0400776203748809e-02
3.4372647689478335e-02
4.1698728995599767e-02
3.6036009500846879e-02
1.6839838147967214e-02
1.4278841512053216e-02
2.1760918950731161e-02
2.3252684806337456e-03
2.9939666921596558e-08
6.4784907750801879e-19
5.3555270140287695e-35
4.8592651292376974e-55
1.2933791275193219e-77
1.0650301824413331e-101
1.1926651700330086e-126
