0.000076055726455421076
0.000079189514365279973
0.000088033629310665362
0.000112667326660267870
0.000172940666224398760
0.000317829341599147460
0.000694906442011557360
0.001861646133780542200
0.006324572493545160100
0.023249268771470696000
0.044321235799562007000
0.036108162077054209000
0.123931048585793110000
0.077734016786712920000
0.083416020905555818000
0.061778972778317627000
0.090166695452149337000
0.056100161768736445000
0.026315332721091062000
0.038097494760955718000
0.081496820673656822000
0.059236605715400202000
0.026569884518645712000
0.016054138102338751000
0.031283207583462869000
0.050892263965713821000
0.011397442092881748000
0.004091477084783862700
0.003359561729761215100
0.006958226141618372900
0.033394748670204089000
0.003767172093059022800
0.000352114662630198100
0.000086003843191868374
0.000036949229481020424
0.000022282594192692158
0.000016520919512631436
0.000013880894553075768
0.000012565715281057680
0.000011882088279661161
