1.250000000000000e-06
1.915470293319286e-06
2.935221155670944e-06
4.497863142407999e-06
6.892418586158605e-06
1.056177844072685e-05
1.618461827826589e-05
2.480092441658455e-05
3.800434717345977e-05
5.823695842220398e-05
8.924093106480183e-05
1.367506819222259e-04
2.095534950505428e-04
3.211147957044362e-04
4.920686815337120e-04
7.540343534004909e-04
1.155464323264687e-03
1.770606068963026e-03
2.713234661015614e-03
4.157696313583710e-03
6.371155021850187e-03
9.763006542788829e-03
1.496059920495507e-02
2.292526667787808e-02
3.513013383031843e-02
5.383258220184466e-02
8.249176961624168e-02
1.264084273145997e-01
1.937052698770609e-01
2.968293520871245e-01
4.548542448864790e-01
6.970078350961816e-01
1.068078241870019e+00
1.636697714594173e+00
2.508036681158967e+00
3.843255805852080e+00
5.889313860589232e+00
9.024644598393762e+00
1.382915090879010e+01
2.119146219809350e+01
