5825
5826
5827
5828
5829
5830
5831
5832
5833
6073
6074
6084
6085
6086
6087
6315
6316
6317
6318
6319
6320
6321
6322
6338
6339
6562
6563
6564
6590
6591
6809
6810
6811
6842
7058
7093
7306
7307
7344
7345
7555
7596
7804
7847
7853
7854
8053
8098
8099
8100
8101
8102
8105
8106
8107
8302
8358
8359
8360
8361
8362
8363
8364
8365
8551
8616
8617
8618
8619
8620
8621
8800
8872
8873
8874
8875
8876
8877
8878
9049
9129
9130
9131
9132
9133
9297
9298
9384
9385
9386
9387
9388
9389
9390
9391
9392
9393
9544
9545
9546
9644
9645
9646
9792
9793
9897
9898
9899
9900
9901
9902
9903
9904
10041
10155
10156
10157
10158
10159
10160
10161
10290
10412
10413
10414
10415
10416
10417
10418
10419
10539
10670
10671
10672
10788
10923
10924
11037
11175
11176
11286
11427
11536
11678
11679
11785
11930
11931
11932
12034
12183
12184
12185
12284
12435
12533
12685
12783
12936
13032
13187
13282
13438
13531
13689
13690
13781
13941
13942
13943
13944
13945
13946
13947
13948
13949
14030
14200
14201
14280
14452
14453
14454
14530
14705
14779
14956
14957
15029
15208
15278
15459
15528
15710
15778
15961
16028
16212
16277
16463
16527
16714
16777
16965
17027
17215
17276
17466
17526
17716
17776
17967
18026
18218
18276
18468
18525
18719
18775
18969
19025
19219
19275
19470
19525
19720
19775
19970
20024
20221
20274
20471
20524
20721
20774
20971
21024
21222
21274
21472
21524
21722
21774
21972
22024
22222
22274
22473
22524
22723
22774
22973
23024
23223
23274
23473
23524
23723
23774
23973
24024
24223
24274
24473
24524
24723
24774
24972
25024
25222
25274
25472
25524
25722
25774
25972
26024
26222
26274
26471
26524
26721
26774
26971
27024
27220
27274
27470
27525
27720
27775
27969
28025
28219
28275
28468
28525
28718
28775
28968
29025
29217
29276
29466
29526
29716
29776
29965
30026
30214
30276
30463
30526
30712
30777
30961
31027
31210
31211
31277
31459
31527
31707
31708
31778
31955
31956
32028
32202
32203
32204
32278
32450
32451
32528
32696
32697
32698
32699
32779
32942
32943
32944
32945
33029
33190
33191
33280
33439
33530
33688
33780
33937
34030
34185
34186
34281
34434
34531
34680
34681
34682
34683
34782
34929
35032
35177
35178
35282
35425
35426
35533
35672
35673
35674
35783
35913
35914
35915
35916
35917
35918
35919
35920
35921
36034
36158
36159
36160
36161
36162
36284
36407
36535
36651
36652
36653
36654
36655
36656
36785
36898
36899
36900
37036
37145
37146
37147
37286
37393
37394
37537
37641
37642
37788
37888
37889
37890
38038
38134
38135
38136
38137
38289
38382
38383
38540
38629
38630
38631
38791
38875
38876
38877
38878
39041
39119
39120
39121
39122
39123
39124
39292
39362
39363
39364
39365
39366
39367
39368
39543
39544
39609
39610
39611
39795
39858
40046
40107
40297
40298
40357
40549
40550
40606
40801
40802
40803
40804
40855
41055
41056
41104
41307
41353
41558
41602
41809
41851
41852
42060
42061
42100
42312
42349
42563
42564
42597
42598
42815
42816
42846
43067
43068
43069
43094
43095
43320
43321
43322
43323
43324
43325
43326
43327
43328
43329
43330
43331
43340
43341
43342
43343
43582
43583
43584
43585
43586
43587
43588
43589
