0.0000422993015186628370000000000
0.0000144037468839052080000000000
0.0000030189933363259338000000000
0.0000008543123371640198700000000
0.0000005650183926011455300000000
0.0000007184558642316904800000000
0.0000012965980291205529000000000
0.0000028989537925540089000000000
0.0000076786013485730558000000000
0.0000257200591778080440000000000
0.0001134215328627738500000000000
0.0005420457873521197100000000000
0.0021426013479192859000000000000
0.0066632731861974203000000000000
0.0179658406355247230000000000000
0.0424892602713021760000000000000
0.0769316882328027200000000000000
0.0989497809592608940000000000000
0.0997778904262066890000000000000
0.0900788068450397440000000000000
0.0788406385885066780000000000000
0.0741797257853700210000000000000
0.0767064947433823560000000000000
0.0746927324200100380000000000000
0.0656680573300330860000000000000
0.0616388258245882390000000000000
0.0619572469394776280000000000000
0.0484194685896837330000000000000
0.0183777559286005250000000000000
0.0028826961670066894000000000000
0.0005242608696684908900000000000
0.0002970403682087653300000000000
0.0000420508719331299650000000000
0.0000183794864571852620000000000
0.0000005628218942136149800000000
0.0000000000000115774654019143890
0.0000000000000000000000000000213
0.0000000000000000000000000000000
0.0000000000000000000000000000000
0.0000000000000000000000000000000
