4.229930e-05
1.440375e-05
3.018993e-06
8.543123e-07
5.650184e-07
7.184559e-07
1.296598e-06
2.898954e-06
7.678601e-06
2.572006e-05
1.134215e-04
5.420458e-04
2.142601e-03
6.663273e-03
1.796584e-02
4.248926e-02
7.693169e-02
9.894978e-02
9.977789e-02
9.007881e-02
7.884064e-02
7.417973e-02
7.670649e-02
7.469273e-02
6.566806e-02
6.163883e-02
6.195725e-02
4.841947e-02
1.837776e-02
2.882696e-03
5.242609e-04
2.970404e-04
4.205087e-05
1.837949e-05
5.628219e-07
1.157747e-14
2.127079e-29
2.504702e-49
1.784630e-72
1.800592e-97
