26.535808341678976
26.239199672798421
25.942576493683070
25.645966909899681
25.349367293635964
25.052822361560136
24.756356824989027
24.459984714377857
24.163748714587022
23.867689145182293
23.571896221767670
23.276432933582342
22.981353678641042
22.686719509539213
22.392612869005202
22.099125560997130
21.806329578421664
21.514319094691064
21.223127591915194
20.932854451175789
20.643553861468465
20.355314046988706
20.068181867133596
19.782197282189234
19.497404823938993
19.213853363414696
18.931605732404577
18.650690580351906
18.371095159061618
18.092841463649819
17.815969103723958
17.540503973595790
17.266463089632378
16.993810097939576
16.722565324536049
16.452710825679958
16.184311076076817
15.917340057517288
15.651797862631666
15.387657980407742
15.124952008072990
14.863701356322482
14.603904944798597
14.345557979359285
14.088621439700836
13.833128425111465
13.579081974893224
13.326475860978670
13.075248611989911
12.825368260941367
12.576824068399368
12.329592967303006
12.083638197385497
11.838894969392804
11.595316476683529
11.352874040695536
11.111557671142897
10.871350334401560
10.632209383691325
10.394111902135434
10.157041722355807
9.921002600053942
9.686008032285375
9.452047668225415
9.219111337056491
8.987199971307081
8.756344045287383
8.526560938395569
8.297863171862188
8.070256340774611
7.843764031131818
7.618424702212919
7.394273620096917
7.171318314052564
6.949561194955937
6.729012866037211
6.509709698158504
6.291674151779887
6.074909898506998
5.859389058562383
5.645092036966958
5.432009696419831
5.220184967754309
5.009605503011943
4.800247478021178
4.592086701136849
4.385129380433821
4.179441076240186
3.975065087095109
3.772066531837075
3.570470782556013
3.370383169702198
3.171987055311837
2.975510195802599
2.781206184454126
2.589438755516953
2.400813226827676
2.216463311725299
2.039085414874872
1.877857177540086
1.747333510527854
1.650401567669050
1.575520456527755
1.526327451003305
1.500032198579229
1.484277859208110
1.475076240576593
1.470751975907270
1.470742609785281
1.474948138121977
1.483761299723296
1.497763453291617
1.517449804419306
1.542925863325486
1.573790779328876
1.609472261560644
1.648725167097753
1.690444328285194
1.733779018883130
1.778036326895476
1.822531012080729
1.866646644269602
1.909719880408368
1.951054929091697
1.989762897451867
2.024671308610172
2.054342955016153
2.076789668579599
2.090612955219140
2.096848074803981
2.097390905985160
2.093892915628917
2.087412855344049
2.078717406425531
2.068325834687331
2.056561522819166
2.043698479326967
2.030068387405066
2.015894032862255
2.001331054072686
1.986101687722204
1.969693469165108
1.951345126996339
1.930162277413635
1.904955681033126
1.873465840250171
1.831475688261751
1.760338943933178
1.643638061513173
1.497618573167202
1.341034016463216
1.178746609867101
1.012911970668252
0.845032776981533
0.676168070863508
0.506792712501415
0.337141845262924
0.167714779079633
0.000000000000000
0.373617583138953
0.752816724389136
1.135017546377531
1.518583790714713
1.902361845708271
2.285669424877568
2.668018416063262
3.049090459235758
3.428611500581331
3.806374939451784
4.182266732674339
4.556254523534087
4.928295708221071
5.298364405767178
5.666485561708617
6.032696713869423
6.397042217171379
6.759570320132795
7.120344021970660
7.479413390245998
7.836855182516048
8.192768021080358
8.547229055530247
8.900281448958532
9.251994766328194
9.602455897612742
9.951733080445427
10.299869008423748
10.646894651733682
10.992834141455216
11.337740804125605
11.681633691759677
12.024555024061534
12.366473305042971
12.707421597247171
13.047392088370698
13.386430689932764
13.724546661954337
14.061764628715389
14.398084442666146
14.733532400655875
15.068147729215966
15.401982172917096
15.735082995045197
16.067480020656422
16.399206094360348
16.730291348339463
17.060805739178011
17.390786022405251
17.720288369938903
18.049329703443842
18.377930928917774
18.706135226877429
19.033980943210913
19.361515598846040
19.688754093099430
20.015697635369566
20.342376227772405
20.668794446546460
20.995029465198122
21.321065597878508
21.646926327914720
21.972585842593606
22.298063365876938
22.623382882640602
22.948586867361310
23.273672714193978
23.598659068833090
23.923506293976427
24.248278610008921
24.572963652803260
24.897644325773477
25.222302632821357
25.546985459684361
25.871656794852296
26.196370591057107
26.521128906605160
26.846018991074665
27.171010791763155
27.496150792994129
27.821388534352998
28.146812893065622
28.472392594288376
28.798157027709628
29.124084968696909
29.450188376154781
29.776463094175050
30.102896090082751
30.429467423747202
30.756186113432967
31.083004807114719
31.409936606387532
31.736928230868138
32.064011959639892
32.391130452806969
32.718269744628046
33.045395709454212
