9.530844719878072e-01 -3.027044585990146e-01
9.834398921511949e-01 -1.812345952781815e-01
9.971637821227363e-01 -7.526215265776173e-02
9.997877728403403e-01 -2.060119605634289e-02
000000000000001 -4.087972068432972e-18
9.997877728403403e-01 2.060119605634293e-02
9.973790458783666e-01 7.235356827938419e-02
9.863941332888715e-01 1.643977305600538e-01
9.688867850716482e-01 2.475043387771733e-01
9.245109189736125e-01 -3.811555597109487e-01
9.194588351693256e-01 -3.931862795534288e-01
9.677463235714144e-01 2.519266822192743e-01
9.756559148098509e-01 2.193069444786303e-01
9.704895762559413e-01 2.411430744984472e-01
9.473415512095011e-01 3.202248980825450e-01
9.653348790435506e-01 -2.610145040069106e-01
9.859124317281969e-01 -1.672622998879111e-01
9.973790458783666e-01 -7.235356827938415e-02
9.997238000168697e-01 -2.350156760366901e-02
9.997903023955147e-01 -2.047806719115195e-02
9.980740938022363e-01 -6.203308214851874e-02
9.881668199551741e-01 -1.533829714788397e-01
9.628407492789237e-01 -2.700697901061887e-01
9.107733654797015e-01 4.129066198703747e-01
8.951930502425139e-01 4.456785868734372e-01
9.473415512095010e-01 -3.202248980825450e-01
9.511381603690153e-01 -3.087656067146164e-01
9.524750513054093e-01 -3.046166059832556e-01
8.681821969102122e-01 4.962455772781835e-01
8.350060523338760e-01 5.502407587282101e-01
8.951930502425138e-01 -4.456785868734373e-01
9.297892599759698e-01 -3.680922873863816e-01
9.429130587645013e-01 -3.330389821197695e-01
7.781161523467417e-01 6.281204131829361e-01
8.438693118723193e-01 -5.365487717627713e-01
7.913379827296332e-01 6.113789308517221e-01
8.176798363967635e-01 -5.756732451227538e-01
8.353746170235866e-01 -5.496810431811307e-01
8.265449408842975e-01 5.628707317835713e-01
8.177823811237316e-01 5.755275641736023e-01
7.559971104628713e-01 -6.545749529059214e-01
7.824174511476113e-01 6.227543112172531e-01
7.161928147268256e-01 -6.979024660607432e-01
8.326338960037828e-01 5.538237943837026e-01
9.965806329931903e-01 -8.262591568564996e-02
9.947332268355693e-01 1.024978410957808e-01
7.078139799872800e-01 -7.063988743865368e-01
9.396924494790556e-01 3.420206139870121e-01
9.858994063774128e-01 1.673390585149353e-01
9.999119452020903e-01 1.327033692760030e-02
9.942939270818028e-01 -1.066751450350398e-01
9.871155636703266e-01 -1.600089496241179e-01
9.709079356618263e-01 2.394530861544513e-01
9.572513447113521e-01 2.892574338687047e-01
9.539414028210499e-01 2.999929998913430e-01
7.072573681659570e-01 -7.069561621309797e-01
9.704616100548091e-01 2.412555976756344e-01
9.894460487159634e-01 1.449017483689107e-01
9.981750222701995e-01 6.038729101298312e-02
9.997903023955147e-01 2.047806719115194e-02
9.997238000168697e-01 2.350156760366905e-02
9.973790458783666e-01 7.235356827938419e-02
9.863941332888715e-01 1.643977305600538e-01
9.695888637554123e-01 2.447395253764471e-01
7.096583746314064e-01 -7.045459469158207e-01
9.731068602077957e-01 2.303541591040318e-01
9.891660396227887e-01 1.468010424246626e-01
9.966964375657633e-01 8.121706313156366e-02
9.959939948784691e-01 8.942014407295515e-02
9.859124317281969e-01 1.672622998879111e-01
9.695888637554123e-01 2.447395253764471e-01
7.290093366675351e-01 -6.845037524013732e-01
9.731068602077957e-01 2.303541591040318e-01
9.896970309688995e-01 1.431774664231262e-01
9.979524264397848e-01 6.396057037696094e-02
9.992927706604675e-01 3.760263961115253e-02
9.971637821227363e-01 7.526215265776177e-02
9.863941332888715e-01 1.643977305600538e-01
9.695888637554123e-01 2.447395253764471e-01
7.897882470650417e-01 -6.133795927465541e-01
9.722189176296504e-01 2.340734419002528e-01
9.864183481454709e-01 1.642523742353834e-01
9.910902043397083e-01 1.331923678814784e-01
9.834398921511950e-01 1.812345952781815e-01
9.688867850716483e-01 2.475043387771734e-01
9.007748684712104e-01 -4.342863529178348e-01
8.645682433441120e-01 -5.025154252367545e-01
9.731068602077957e-01 2.303541591040318e-01
9.896970309688995e-01 1.431774664231262e-01
9.981750222701995e-01 6.038729101298312e-02
9.998565590630798e-01 1.693698020716387e-02
9.999958223026828e-01 2.890566930773910e-03
9.999937748269264e-01 3.528499311948103e-03
9.997877728403403e-01 2.060119605634293e-02
9.973790458783666e-01 7.235356827938419e-02
9.859124317281969e-01 1.672622998879111e-01
9.653348790435506e-01 2.610145040069105e-01
9.286735157407400e-01 -3.708982355872481e-01
9.423938949103352e-01 -3.345052269183967e-01
9.364906605882973e-01 -3.506925186411802e-01
9.524750513054093e-01 3.046166059832555e-01
9.520459585633838e-01 3.059550502657664e-01
9.530844719878074e-01 3.027044585990146e-01
8.375665252733600e-01 -5.463353509901315e-01
8.819630499079380e-01 -4.713185532069452e-01
9.704616100548091e-01 2.412555976756344e-01
9.894460487159634e-01 1.449017483689107e-01
9.981750222701995e-01 6.038729101298312e-02
9.997903023955147e-01 2.047806719115194e-02
9.997238000168697e-01 2.350156760366905e-02
9.973790458783666e-01 7.235356827938419e-02
9.863941332888715e-01 1.643977305600538e-01
9.695888637554123e-01 2.447395253764471e-01
7.586804241010692e-01 -6.514629798275737e-01
9.731068602077957e-01 2.303541591040318e-01
9.896970309688995e-01 1.431774664231262e-01
9.979524264397848e-01 6.396057037696094e-02
9.992927706604675e-01 3.760263961115253e-02
9.971637821227363e-01 7.526215265776177e-02
9.863941332888715e-01 1.643977305600538e-01
9.695888637554123e-01 2.447395253764471e-01
7.162954839480807e-01 -6.977970906184582e-01
9.731068602077957e-01 2.303541591040318e-01
9.896970309688995e-01 1.431774664231262e-01
9.981750222701995e-01 6.038729101298312e-02
9.997903023955147e-01 2.047806719115194e-02
9.997238000168697e-01 2.350156760366905e-02
9.973790458783666e-01 7.235356827938419e-02
9.859124317281969e-01 1.672622998879111e-01
9.653348790435506e-01 2.610145040069105e-01
7.071067811865475e-01 -7.071067811865476e-01
9.514975816568312e-01 3.076562238947914e-01
9.465639331648306e-01 3.225162328186387e-01
9.325470146184687e-01 3.610485639442173e-01
6.979261301045474e-01 -7.161697542603223e-01
9.070197894912576e-01 4.210879973013177e-01
8.947487625802504e-01 4.465698734365212e-01
6.545749529059213e-01 -7.559971104628716e-01
8.725941470781456e-01 4.884459586125815e-01
8.499940222613240e-01 5.267923330118006e-01
5.762106195604283e-01 -8.173012430590004e-01
8.341713650928968e-01 5.515053342072523e-01
5.527997031455227e-01 -8.333141593674153e-01
8.714809200348954e-01 4.904294098187140e-01
9.023223290750764e-01 4.310619612683654e-01
5.605234642780920e-01 -8.281385427533770e-01
9.376772725976493e-01 3.475073128062683e-01
9.469286515220072e-01 3.214438192386240e-01
9.427693267763186e-01 3.334456424812400e-01
5.273521903495185e-01 -8.496467897506381e-01
9.071262650049717e-01 4.208585740342350e-01
8.378015150797900e-01 5.459749273822091e-01
7.148029137589583e-01 6.993259572486232e-01
4.890664872530103e-01 -8.722465081879097e-01
5.843799597814048e-01 8.114801677218512e-01
4.540204554469705e-01 -8.909912603587792e-01
5.221562971631986e-01 8.528498117094342e-01
4.480537677398507e-01 -8.940066113928485e-01
5.935714399356363e-01 8.047813030213459e-01
4.465698734365212e-01 -8.947487625802506e-01
7.019422797625686e-01 7.122338351143729e-01
4.458089713384266e-01 -8.951281255072783e-01
7.871607655824534e-01 6.167478651180285e-01
4.390882867964003e-01 -8.984439194508481e-01
8.659902959266111e-01 5.000608036638548e-01
9.079019507530627e-01 4.191825948423710e-01
4.194632990215121e-01 -9.077722956633947e-01
9.615736006751678e-01 2.745472827849381e-01
9.880648513586019e-01 1.540384676296925e-01
9.980740938022363e-01 6.203308214851869e-02
9.998565590630798e-01 1.693698020716387e-02
9.999793851168832e-01 6.421007807193572e-03
9.997877728403403e-01 2.060119605634293e-02
9.971637821227363e-01 7.526215265776173e-02
9.834398921511949e-01 1.812345952781815e-01
9.530844719878072e-01 3.027044585990145e-01
3.625902686735036e-01 -9.319486558085035e-01
9.182613375504696e-01 3.959748930930126e-01
9.173287131150082e-01 3.981306721351206e-01
3.322476001736469e-01 -9.431922032008389e-01
9.325462961142343e-01 3.610504197527304e-01
9.265858607413056e-01 3.760832922030623e-01
8.944539811238477e-01 4.471600112394885e-01
3.463290845477123e-01 -9.381130876372761e-01
8.438693118723195e-01 5.365487717627711e-01
3.965996189893116e-01 -9.179916896233499e-01
8.353746170235866e-01 5.496810431811307e-01
8.176798363967633e-01 5.756732451227539e-01
3.976239685487865e-01 -9.175484617367704e-01
7.559971104628714e-01 6.545749529059213e-01
3.186584354905084e-01 -9.478696120726425e-01
7.161928147268256e-01 6.979024660607434e-01
2.411430744984473e-01 -9.704895762559413e-01
7.078139799872800e-01 7.063988743865369e-01
2.193069444786303e-01 -9.756559148098508e-01
7.071067811865476e-01 7.071067811865476e-01
2.537440206081423e-01 -9.672714055556561e-01
7.063988743865367e-01 7.078139799872801e-01
2.637634187371674e-01 -9.645874034715992e-01
6.977734220581018e-01 7.163185405036827e-01
2.243890905438561e-01 -9.744996336812555e-01
6.519616629627110e-01 7.582519304471942e-01
2.163314986774502e-01 -9.763199694157486e-01
5.537849534943963e-01 8.326597295913915e-01
2.519266822192745e-01 -9.677463235714144e-01
5.006545739888181e-01 8.656471553375977e-01
2.502663072055866e-01 -9.681770372600659e-01
4.792268118977023e-01 8.776910975726964e-01
1.812345952781816e-01 -9.834398921511948e-01
5.049566392565632e-01 8.631447111989491e-01
1.331923678814785e-01 -9.910902043397085e-01
5.523327221539813e-01 8.336237544827839e-01
1.642523742353836e-01 -9.864183481454709e-01
5.197350960154623e-01 8.543274723253362e-01
2.340734419002529e-01 -9.722189176296503e-01
4.627802859846258e-01 8.864730153275892e-01
2.447395253764473e-01 -9.695888637554123e-01
3.687558607619921e-01 9.295262853484468e-01
1.672622998879113e-01 -9.859124317281969e-01
3.257686948635654e-01 9.454495002097622e-01
8.942014407295522e-02 -9.959939948784691e-01
3.182220319515288e-01 9.480162120874516e-01
8.121706313156384e-02 -9.966964375657633e-01
3.186584354905084e-01 9.478696120726423e-01
1.468010424246627e-01 -9.891660396227887e-01
3.087656067146164e-01 9.511381603690156e-01
2.303541591040322e-01 -9.731068602077957e-01
3.063863244365150e-01 9.519072539897375e-01
2.447395253764473e-01 -9.695888637554123e-01
2.772008605154298e-01 9.608119914580090e-01
1.643977305600539e-01 -9.863941332888715e-01
2.272364710698577e-01 9.738396101082137e-01
7.235356827938422e-02 -9.973790458783663e-01
2.163314986774502e-01 9.763199694157486e-01
2.060119605634302e-02 -9.997877728403403e-01
2.519266822192742e-01 9.677463235714144e-01
3.528499311948290e-03 -9.999937748269264e-01
2.502663072055865e-01 9.681770372600659e-01
2.033538994486047e-16 -000000000000001
1.812345952781814e-01 9.834398921511950e-01
2.033538994486047e-16 -000000000000001
1.331923678814784e-01 9.910902043397083e-01
2.033538994486047e-16 -000000000000001
1.642523742353834e-01 9.864183481454709e-01
2.033538994486047e-16 -000000000000001
2.340734419002528e-01 9.722189176296504e-01
2.033538994486047e-16 -000000000000001
2.447395253764472e-01 9.695888637554123e-01
2.033538994486047e-16 -000000000000001
1.643977305600537e-01 9.863941332888715e-01
2.033538994486047e-16 -000000000000001
7.235356827938418e-02 9.973790458783663e-01
2.033538994486047e-16 -000000000000001
2.060119605634279e-02 9.997877728403405e-01
2.033538994486047e-16 -000000000000001
3.528499311948007e-03 9.999937748269264e-01
2.033538994486047e-16 -000000000000001
-3.528499311948194e-03 9.999937748269264e-01
2.033538994486047e-16 -000000000000001
-2.060119605634299e-02 9.997877728403405e-01
2.033538994486047e-16 -000000000000001
-7.235356827938426e-02 9.973790458783663e-01
2.033538994486047e-16 -000000000000001
-1.643977305600539e-01 9.863941332888715e-01
2.033538994486047e-16 -000000000000001
-2.447395253764473e-01 9.695888637554123e-01
2.033538994486047e-16 -000000000000001
-2.303541591040320e-01 9.731068602077956e-01
2.033538994486047e-16 -000000000000001
-1.468010424246626e-01 9.891660396227887e-01
2.033538994486047e-16 -000000000000001
-8.121706313156359e-02 9.966964375657633e-01
2.033538994486047e-16 -000000000000001
-8.942014407295518e-02 9.959939948784691e-01
2.033538994486047e-16 -000000000000001
-1.701259460812059e-01 9.854223269593472e-01
2.033538994486047e-16 -000000000000001
-2.610145040069106e-01 9.653348790435506e-01
-3.528499311947912e-03 -9.999937748269264e-01
-3.046166059832556e-01 9.524750513054093e-01
-2.060119605634271e-02 -9.997877728403403e-01
-3.087656067146165e-01 9.511381603690153e-01
-7.235356827938397e-02 -9.973790458783663e-01
-3.186584354905083e-01 9.478696120726424e-01
-1.643977305600537e-01 -9.863941332888715e-01
-3.182220319515289e-01 9.480162120874516e-01
-2.447395253764473e-01 -9.695888637554123e-01
-3.241428017632415e-01 9.460081627898757e-01
-2.303541591040320e-01 -9.731068602077957e-01
-3.595059285165869e-01 9.331428011625159e-01
-1.431774664231263e-01 -9.896970309688995e-01
-4.058837427641884e-01 9.139247164617741e-01
-6.396057037696103e-02 -9.979524264397848e-01
-3.996604691395075e-01 9.166632475490596e-01
-3.760263961115239e-02 -9.992927706604675e-01
-3.610504197527307e-01 9.325462961142343e-01
-7.526215265776166e-02 -9.971637821227363e-01
-3.760832922030624e-01 9.265858607413054e-01
-1.643977305600537e-01 -9.863941332888715e-01
-4.471600112394885e-01 8.944539811238478e-01
-2.447395253764473e-01 -9.695888637554123e-01
-5.365487717627714e-01 8.438693118723192e-01
-2.303541591040320e-01 -9.731068602077957e-01
-5.496810431811308e-01 8.353746170235865e-01
-1.468010424246626e-01 -9.891660396227887e-01
-5.756732451227539e-01 8.176798363967633e-01
-8.121706313156379e-02 -9.966964375657633e-01
-6.544385281476496e-01 7.561152113771672e-01
-8.942014407295514e-02 -9.959939948784691e-01
-6.954342309233494e-01 7.185897511515520e-01
-1.672622998879111e-01 -9.859124317281969e-01
-6.869037547521343e-01 7.267483964257642e-01
-2.475043387771734e-01 -9.688867850716482e-01
-6.465386326547297e-01 7.628812466465226e-01
-2.519266822192744e-01 -9.677463235714144e-01
-6.617636568581886e-01 7.497125198779046e-01
-2.163314986774502e-01 -9.763199694157486e-01
-7.595138990950413e-01 6.504910737907534e-01
-7.096583746314062e-01 7.045459469158208e-01
-2.243890905438561e-01 -9.744996336812555e-01
-8.099629957463832e-01 5.864809847911052e-01
-2.637634187371675e-01 -9.645874034715992e-01
-8.722465081879096e-01 4.890664872530104e-01
-8.477518755472491e-01 5.303930217358835e-01
-2.537440206081422e-01 -9.672714055556562e-01
-9.070197894912577e-01 4.210879973013179e-01
-8.947487625802504e-01 4.465698734365212e-01
-2.193069444786304e-01 -9.756559148098509e-01
-9.381130876372761e-01 3.463290845477122e-01
-9.431922032008389e-01 3.322476001736468e-01
-9.319486558085035e-01 3.625902686735034e-01
-2.411430744984473e-01 -9.704895762559413e-01
-9.175484617367704e-01 3.976239685487863e-01
-9.179916896233500e-01 3.965996189893116e-01
-3.186584354905084e-01 -9.478696120726423e-01
-9.672714055556562e-01 2.537440206081422e-01
-9.756559148098509e-01 2.193069444786304e-01
-9.704895762559413e-01 2.411430744984472e-01
-9.478696120726423e-01 3.186584354905083e-01
-3.948387044240086e-01 -9.187504544155452e-01
-9.552250966563799e-01 2.958800681320217e-01
-9.738689106583581e-01 2.271108646742881e-01
-9.741223448866162e-01 2.260213644605312e-01
-9.645874034715992e-01 2.637634187371674e-01
-3.837723529089647e-01 -9.234277346618506e-01
-8.661009026467110e-01 4.998692093283527e-01
-9.067278380194540e-01 4.217162882324642e-01
-2.914258519343496e-01 -9.565934208556625e-01
-7.904146550550670e-01 6.125721778486020e-01
-2.294311532241529e-01 -9.733248922791584e-01
-7.378423103296163e-01 6.749731291595645e-01
-2.427727253178015e-01 -9.700831942889059e-01
-7.583696026094199e-01 6.518247815464142e-01
-3.186584354905084e-01 -9.478696120726423e-01
-8.357708004660697e-01 5.490784726141659e-01
-8.177823811237315e-01 5.755275641736023e-01
-3.976239685487864e-01 -9.175484617367704e-01
-8.484125479288426e-01 5.293355726917375e-01
-3.965996189893117e-01 -9.179916896233499e-01
-9.341902014450858e-01 3.567753740436552e-01
-9.624750921944640e-01 2.713700368597428e-01
-9.553845394416982e-01 2.953648282984523e-01
-9.130141170680916e-01 4.079279618196982e-01
-3.463290845477123e-01 -9.381130876372761e-01
-8.646123946033069e-01 5.024394561520180e-01
-3.322476001736469e-01 -9.431922032008389e-01
-8.734581938276456e-01 4.868991514013423e-01
-8.551750322464365e-01 5.183393330843281e-01
-3.625902686735035e-01 -9.319486558085035e-01
-9.070197894912577e-01 4.210879973013179e-01
-8.947487625802504e-01 4.465698734365212e-01
-4.194632990215120e-01 -9.077722956633947e-01
-9.514975816568312e-01 3.076562238947914e-01
-9.465639331648306e-01 3.225162328186386e-01
-9.325470146184687e-01 3.610485639442173e-01
-4.390882867964006e-01 -8.984439194508479e-01
-9.731068602077957e-01 2.303541591040320e-01
-9.896970309688995e-01 1.431774664231263e-01
-9.981750222701995e-01 6.038729101298320e-02
-9.998565590630798e-01 1.693698020716386e-02
-9.999793851168833e-01 6.421007807193556e-03
-9.997877728403405e-01 2.060119605634294e-02
-9.973790458783663e-01 7.235356827938420e-02
-9.859124317281970e-01 1.672622998879111e-01
-9.653348790435506e-01 2.610145040069105e-01
-4.458089713384267e-01 -8.951281255072783e-01
-9.433735609439342e-01 3.317323085138998e-01
-9.795436270782882e-01 2.012319126041181e-01
-9.897235927905577e-01 1.429937406803191e-01
-9.831388389841186e-01 1.828606663034987e-01
-9.688867850716481e-01 2.475043387771734e-01
-4.465698734365214e-01 -8.947487625802503e-01
-8.850876569934034e-01 4.654243648950145e-01
-4.480537677398508e-01 -8.940066113928487e-01
-9.704616100548091e-01 2.412555976756345e-01
-9.889086579250981e-01 1.485249685432769e-01
-9.964506712010731e-01 8.417873759406865e-02
-9.943076150715283e-01 1.065474852390685e-01
-9.738396101082136e-01 2.272364710698578e-01
-9.245109189736124e-01 3.811555597109487e-01
-4.540204554469707e-01 -8.909912603587790e-01
-9.490275928934567e-01 3.151930010752955e-01
-9.515184278485009e-01 3.075917447928618e-01
-9.530844719878073e-01 3.027044585990146e-01
-4.890664872530103e-01 -8.722465081879095e-01
-9.389652622199569e-01 3.440119712222344e-01
-9.479098331016657e-01 3.185387704961087e-01
-9.473415512095011e-01 3.202248980825450e-01
-5.273521903495188e-01 -8.496467897506380e-01
-9.016655788172998e-01 4.324340226856156e-01
-9.139616047023063e-01 4.058006716726638e-01
-5.605234642780920e-01 -8.281385427533770e-01
-9.077722956633947e-01 4.194632990215120e-01
-8.991700564164576e-01 4.375993711650240e-01
-5.521985794890826e-01 -8.337126176388597e-01
-9.509242222698627e-01 3.094238573550147e-01
-9.465639331648306e-01 3.225162328186386e-01
-9.325470146184687e-01 3.610485639442173e-01
-5.732684015735805e-01 -8.193676462719725e-01
-9.565934208556625e-01 2.914258519343495e-01
-9.740212697406139e-01 2.264565434976042e-01
-9.734574154101907e-01 2.288682161920069e-01
-9.608119914580090e-01 2.772008605154297e-01
-6.308153192315986e-01 -7.759330080765584e-01
-9.151499510898125e-01 4.031135907164554e-01
-9.227845454834787e-01 3.853163409678465e-01
-6.116726595837795e-01 -7.911109640990357e-01
-9.509242222698627e-01 3.094238573550147e-01
-9.465639331648306e-01 3.225162328186386e-01
-9.331428011625159e-01 3.595059285165869e-01
-5.667238233570378e-01 -8.239078273930772e-01
-9.677463235714144e-01 2.519266822192744e-01
-9.763199694157486e-01 2.163314986774502e-01
-9.738396101082137e-01 2.272364710698578e-01
-9.608119914580090e-01 2.772008605154297e-01
-5.892272834910184e-01 -8.079673312639534e-01
-9.731068602077957e-01 2.303541591040320e-01
-9.891660396227887e-01 1.468010424246626e-01
-9.966964375657633e-01 8.121706313156374e-02
-9.959939948784691e-01 8.942014407295518e-02
-9.859124317281969e-01 1.672622998879112e-01
-9.688867850716482e-01 2.475043387771734e-01
-7.071067811865474e-01 -7.071067811865476e-01
-9.702406858146554e-01 2.421425439486155e-01
-9.894460487159634e-01 1.449017483689107e-01
-9.979524264397848e-01 6.396057037696097e-02
-9.992927706604675e-01 3.760263961115248e-02
-9.971637821227363e-01 7.526215265776177e-02
-9.863941332888715e-01 1.643977305600538e-01
-9.695888637554123e-01 2.447395253764472e-01
-8.079673312639535e-01 -5.892272834910183e-01
-8.239078273930776e-01 -5.667238233570376e-01
-8.951281112041971e-01 4.458090000572068e-01
-9.340073838804318e-01 3.572537009700972e-01
-9.487655272859709e-01 3.159809713159538e-01
-7.912244873975771e-01 -6.115258052956075e-01
-7.444834815385912e-01 6.676408808005827e-01
-7.781161523467415e-01 -6.281204131829362e-01
-5.975023104981445e-01 8.018671890964106e-01
-8.350060523338760e-01 -5.502407587282103e-01
-8.681821969102120e-01 -4.962455772781835e-01
-5.921574033680274e-01 8.058223188994180e-01
-8.951930502425139e-01 -4.456785868734373e-01
-9.107733654797015e-01 -4.129066198703748e-01
-6.554614438279798e-01 7.552286379997385e-01
-9.473415512095011e-01 -3.202248980825450e-01
-9.700831942889059e-01 -2.427727253178016e-01
-9.731703990753546e-01 -2.300855805206299e-01
-9.552250966563799e-01 -2.958800681320217e-01
-6.954579834262080e-01 7.185667632786476e-01
-9.067278380194540e-01 -4.217162882324642e-01
-8.661009026467110e-01 -4.998692093283526e-01
-6.869037547521343e-01 7.267483964257642e-01
-7.904146550550671e-01 -6.125721778486019e-01
-6.465129026681867e-01 7.629030519558534e-01
-7.378423103296162e-01 -6.749731291595646e-01
-6.609949604071000e-01 7.503903399674173e-01
-7.583696026094198e-01 -6.518247815464142e-01
-7.511134936350158e-01 6.601730982699925e-01
-7.072340041880589e-01 7.069795352908913e-01
-8.174038827016903e-01 -5.760650072207140e-01
-8.333141593674152e-01 -5.527997031455227e-01
-7.713393825834668e-01 6.364240385747197e-01
-8.281385427533768e-01 -5.605234642780919e-01
-7.736263722607882e-01 6.336420410157555e-01
-8.496467897506381e-01 -5.273521903495188e-01
-8.725941470781455e-01 -4.884459586125815e-01
-8.337126176388598e-01 5.521985794890825e-01
-8.192655375418432e-01 5.734143170485674e-01
-8.947487625802504e-01 -4.465698734365213e-01
-9.070197894912577e-01 -4.210879973013179e-01
-8.285184061832674e-01 5.599618296058565e-01
-9.325470146184687e-01 -3.610485639442174e-01
-9.465639331648306e-01 -3.225162328186386e-01
-9.514975816568312e-01 -3.076562238947915e-01
-8.905795073483912e-01 4.548275949094304e-01
-8.548329928522066e-01 5.189032225100739e-01
-9.653348790435506e-01 -2.610145040069106e-01
-9.859124317281970e-01 -1.672622998879111e-01
-9.973790458783663e-01 -7.235356827938419e-02
-9.997877728403405e-01 -2.060119605634289e-02
-9.999937748269264e-01 -3.528499311948110e-03
-000000000000001 2.180251769830918e-17
-000000000000001 2.180251769830918e-17
-9.999958223026828e-01 -2.890566930773865e-03
-9.998565590630798e-01 -1.693698020716382e-02
-9.981750222701995e-01 -6.038729101298315e-02
-9.896970309688995e-01 -1.431774664231262e-01
-9.731068602077957e-01 -2.303541591040319e-01
-9.677463235714144e-01 2.519266822192744e-01
-9.756559148098509e-01 2.193069444786304e-01
-9.700831942889060e-01 2.427727253178015e-01
-9.446679403939104e-01 3.280281731679877e-01
-9.695888637554123e-01 -2.447395253764472e-01
-9.863941332888715e-01 -1.643977305600538e-01
-9.973790458783663e-01 -7.235356827938419e-02
-9.998542191028350e-01 -1.707455833279109e-02
-9.998542191028350e-01 1.707455833279112e-02
-9.973790458783663e-01 7.235356827938420e-02
-9.863941332888715e-01 1.643977305600538e-01
-9.688867850716482e-01 2.475043387771734e-01
