0.000032257419028508350
0.000044133944737238830
0.000060383165694323755
0.000082615019368338118
0.000113032189464562850
0.000154648343035422560
0.000211586718056981160
0.000289488644879111280
0.000396072476966042590
0.000541898308569324250
0.000741414245896897810
0.001014387894049946800
0.001387864888339600200
0.001898848517006305700
0.002597965926532451300
0.003554484149196193300
0.004863172929966131700
0.006653694306698106100
0.009103449242816677800
0.012455154128904551000
0.017040888594746468000
0.023314997236738390000
0.031899105092248595000
0.043643706896217063000
0.059712432249573059000
0.081697335509072100000
0.111776633070069270000
0.152930516309109030000
0.209236422463267540000
0.286273018242725270000
0.391672921994194730000
0.535878926924922890000
0.733178650339435740000
1.003120119684923100000
1.372448548591582700000
1.877756194465305000000
2.569107839759238800000
3.515001101722812200000
4.809153027328912700000
6.579785374443014600000
