-2.54864987086436390e+00
-3.14887816925848510e-17
2.46928212650092240e+00
-1.44284590634341100e-01
-5.39691748081673330e-18
2.59701292309978120e-18
-1.41512296555210690e+00
6.08232834969251180e-02
6.75893022606718210e-02
-2.54864987086436430e+00
2.66193824617727580e-17
2.46928212650092190e+00
-1.44284590634341130e-01
4.95055588465895800e-18
-1.73675239232297890e-17
-1.41512296555210600e+00
6.08232834969250970e-02
6.75893022606718490e-02
-2.54864987086436430e+00
-1.77895385232335030e-16
2.46928212650092240e+00
-1.44284590634341150e-01
5.82298991351279090e-18
-3.79813140003343040e-17
-1.41512296555210630e+00
6.08232834969251180e-02
6.75893022606718770e-02
