8.1476906668264331
7.5478388103550031
7.0134843696923834
6.6199755039674386
6.4082551673878427
6.3765917408872017
6.5186249467723876
6.8638346818314968
7.4465865719989157
8.1081883727528226
8.1131491797983912
7.2679747525646841
7.8609517298994476
6.7542898990769622
6.1846078914113072
5.2441011258476937
4.9819687567328712
3.8672178862501854
2.4700015149345909
2.1997688403736326
2.3199548863357311
1.3607011298533624
-0.0812895849938515
-1.2253307941338996
-1.1984454192408140
-1.3520453845593856
-3.4885967969213776
-5.1533091367661399
-5.9906340968706369
-5.9027494853336639
-4.9745048380275074
-7.7968083258791623
-10.8071607859642140
-12.8569551088140250
-14.3420317359063340
-15.4880001235669200
-16.4274079783903200
-17.2417514411538020
-17.9815221851017740
-18.6776916390604910
