-1.14064098413644840000
0.00559129529778449460
0.27180896245564190000
-0.18681623094609665000
-0.00625789274187230940
-0.00038718793458228574
0.01782926805088000400
-0.05103522041105088700
-0.15150156536864812000
-1.12640193177577960000
0.00502610720658103710
0.28078699933747614000
-0.32216921634464935000
-0.00689598846621053510
-0.00076212064895794351
-0.00126136563699042390
-0.03651875912270280400
-0.11589890096944674000
-1.14109463394629640000
0.00286654916659144280
0.29533603649276763000
-0.50359202382523360000
-0.00767007861147865880
-0.00014003437767072177
-0.00320067463345674030
-0.02571033055431393500
-0.11835770031218898000
