0.000098319275491756989
0.000132694557361240210
0.000179088438815557180
0.000241702972263442550
0.000326209370003774850
0.000440261665306605770
0.000594189964366452210
0.000801936079326660860
0.001082316285855677500
0.001460725577544774300
0.001971437777272843700
0.002660709834485906400
0.003590971475205857400
0.004846479675689133000
0.006540950104740478700
0.008827856740495037100
0.011914332533162722000
0.016079930144269589000
0.021701941986669804000
0.029289572887891090000
0.039530060511728832000
0.053350920822302694000
0.072003956374999512000
0.097178636352336062000
0.131155117562102660000
0.177010766032584670000
0.238898884571592470000
0.322424891596960690000
0.435154023040899120000
0.587296541624903080000
0.792632515251165960000
1.069759924850116800000
1.443779147077633300000
1.948566381217051900000
2.629841932330633900000
3.549311255552314700000
4.790253830056629500000
6.465066066120891200000
8.725441432153449000000
11.776109850586700000000
